0 = 12,21,34,9,42,5 : 0.0
0 = 21,34,9,42,5,7 : 0.0
0 = 12,21,34,9,5,8 : 0.0
0 = 12,21,34,9,42,8 : 0.0
0 = 34,21,12,42,9,41 : 0.0
0 = 34,21,42,9,41,31 : 0.0
0 = 12,34,9,42,5,7 : 0.0
0 = 34,12,42,9,41,31 : 0.0
0 = 34,21,12,9,41,31 : 0.0
0 = 34,21,12,42,9,31 : 0.0

0 = 34,21,12,9,41,30 : 0.0 *
0 = 12,21,34,9,5,7 : 0.0 *

0 = 12,21,34,9,42,5 : 0.0
0 = 12,21,34,9,5,7 : 0.0
0 = 12,21,34,9,42,5 : 0.0
0 = 12,21,34,9,42,5 : 0.0
0 = 34,21,12,42,9,41 : 0.0
0 = 34,21,12,9,41,30 : 0.0
0 = 34,21,12,42,9,41 : 0.0
0 = 34,21,12,42,9,41 : 0.0
